newpoint	0	1	0	0	16839.0	14350.0	298.0	16775	14571
newpoint	1	1	0	0	15639.0	11834.0	198.0	15740	11786
newpoint	2	1	2	0	12207.0	29613.0	252.25	11965	29682
newpoint	3	1	1	0	12140.0	17215.0	298.0	12041	17137
newpoint	4	1	1	0	15731.0	6063.0	298.0	15705	6260
point	4	2	1	1	15691.142824367853	6358.319960437613	298.0	15684	6409
point	3	2	1	1	11878.409744825583	17081.014814182756	298.0	11764	17040
point	2	2	2	1	11964.63675438594	29681.515672514586	252.25	11449	28994
point	1	2	0	1	15777.816299510296	11863.43337518775	198.0	15803	11915
point	0	2	0	1	16735.302470799048	14624.83119402933	298.0	16592	14711
newpoint	5	1	0	1	16413.0	21855.0	672.0	16228	21738
newpoint	6	1	0	1	12853.0	25867.0	298.0	12723	25887
newpoint	7	1	2	1	15493.0	22496.0	198.0	15443	22604
newpoint	8	1	0	1	5031.0	18135.0	298.0	5045	18095
newpoint	9	1	2	1	18879.0	13881.0	132.0	18695	13634
point	9	2	2	2	18800.143272772177	13775.143415080041	132.0	18695	13634
point	8	2	0	2	5145.337965010876	17859.94443975035	298.0	5168	17808
point	7	2	2	2	15534.725924138822	22645.383323913793	252.25	15658	22701
point	6	2	0	2	12557.179500701333	25898.368852783493	298.0	12404	25905
point	5	2	0	2	15813.109129480586	21556.124126004706	672.0000000000001	15765	21537
point	4	3	1	2	15604.363249983915	6642.386117692474	298.0	15545	6810
point	3	3	1	2	11598.664965855502	16895.36531707347	448.0	11584	16893
point	2	3	2	2	11813.28675438594	29479.715672514587	252.25	11449	28994
point	1	3	0	2	15594.760899907003	12124.436486878814	448.0	15492	12165
point	0	3	0	2	16477.64907730286	14774.472318325285	298.0	16365	14837
newpoint	10	1	5	2	9579.0	12916.0	31.531249999999996	9596	12905
newpoint	11	1	1	2	12449.0	26627.0	298.0	12303	26670
newpoint	12	1	0	2	1765.0	22144.0	132.0	2569	21983
newpoint	13	1	0	2	12871.0	22887.0	298.0	12638	22762
newpoint	14	1	1	2	6256.0	15391.0	298.0	6313	15409
point	14	2	1	3	6312.845437084176	15331.666464132491	504.50000000000006	6155	15151
point	13	2	0	3	12610.258455235478	22743.06529484326	298.0	12449	22633
point	12	2	0	3	1894.4304538292672	22118.081712603842	132.0	2569	21983
point	11	2	1	3	12289.083064982868	26524.866249107043	298.0	12289	26524
point	10	2	5	3	9605.124802048118	12898.363780328642	31.53125	9607	12897
point	9	3	2	3	18721.286545544353	13669.286830160081	132.0	18695	13634
point	8	3	0	3	5709.825903410669	17794.0	672.0	5846	17794
point	7	3	2	3	15745.188088831366	22779.036153635327	252.25	15833	22857
point	6	3	0	3	12313.902803619392	25839.85111020558	298.0	12220	25856
point	5	3	0	3	15189.755515816456	21305.10220632658	672.0	15187	21304
point	4	4	1	3	15540.336162561978	6930.093814029076	298.0	15533	7119
point	3	4	1	3	11738.289620568494	16508.473214180816	504.5	11745	16487
point	2	4	2	3	11661.936754385939	29277.915672514588	252.25	11449	28994
point	1	4	0	3	15207.024509552528	12343.57153894517	448.00000000000006	15205	12345
point	0	4	0	3	16296.860746002236	14682.311254640123	298.0	16239	14585
newpoint	15	1	1	3	10214.0	7119.0	298.0	10210	7260
newpoint	16	1	0	3	18276.0	25383.0	132.0	18213	25315
newpoint	17	1	1	3	15234.0	22179.0	198.0	15346	22223
newpoint	18	1	0	3	13856.0	28163.0	298.0	13829	28012
newpoint	19	1	2	3	4410.0	17879.0	252.25	4564	17828
point	19	2	2	4	4604.024724218878	17747.36195267667	252.25	4632	17691
point	18	2	0	4	13785.222139260413	27874.180808782785	298.0	13775	27842
point	17	2	1	4	15314.108654505151	22293.817546613558	198.0	15278	22374
point	16	2	0	4	18186.445399380213	25286.026458028206	132.0	17719	24776
point	15	2	1	4	10204.997518473314	7416.863527872491	298.0	10196	7699
point	14	3	1	4	6025.159669452177	14921.090823853585	504.5	5956	14756
point	13	3	0	4	12354.26112428244	22593.19846049736	298.0	12280	22562
point	12	3	0	4	2023.8609076585346	22092.16342520768	132.0	2569	21983
point	11	3	1	4	12152.792378660062	26310.837398834374	298.0	11991	26302
point	10	3	5	4	9631.42311042613	12880.972333782853	31.53125	9703	12834
point	9	4	2	4	18689.790980984937	13546.171131491998	132.0	18661	13432
point	8	4	0	4	6360.731034165827	17929.147601634122	672.0000000000001	6483	17923
point	7	4	2	4	15961.089311166023	22899.073131404897	252.25	15970	22902
point	6	4	0	4	12017.287145758377	25857.541542617808	298.0	11957	25858
point	5	4	0	4	14564.946953087849	21057.801686565585	672.0	14342	20966
point	4	5	1	4	15570.974066275494	7221.119448497612	298.0	15607	7318
point	3	5	1	4	11654.861715869476	16049.857074497108	504.5	11513	15775
point	2	5	2	4	11510.586754385939	29076.115672514585	252.25	11449	28994
point	1	5	0	4	14853.895301653189	12618.767946611322	448.0	14631	12806
point	0	5	0	4	16123.050893148624	14441.155055057294	298.0	16081	14393
newpoint	20	1	0	4	13235.0	21493.0	298.00000000000006	12970	21342
newpoint	21	1	1	4	7973.0	17973.0	298.0	7967	18023
newpoint	22	1	0	4	7287.0	12500.0	298.0	7232	12502
newpoint	23	1	1	4	16622.0	22034.0	504.5	16614	22041
newpoint	24	1	5	4	7559.0	8476.0	31.53125	7682	8321
point	24	2	5	5	7578.600097471465	8451.300690178236	31.53125	7682	8321
point	23	2	1	5	16227.462954797378	21737.763068292963	504.5	16194	21723
point	22	2	0	5	7122.138765803324	12841.561693880385	448.0	7065	12912
point	21	2	1	5	8164.629306565699	18109.209768855235	298.0	8203	18122
point	20	2	0	5	12976.083358860227	21345.466366746772	298.00000000000006	12970	21342
point	19	3	2	5	4720.438691256582	17523.59819155004	252.25	4828	17320
disappearpoint	18	2	0	5	13680.0	27702.0	0.0	13680	27702
point	17	3	1	5	15233.885006652898	22474.83427050766	198.0	15229	22486
point	16	3	0	5	18097.257924192534	25188.714617691854	132.0	17719	24776
point	15	3	1	5	10195.34307983036	7714.706364055933	298.0	10185	7962
point	14	4	1	5	5828.084840260277	14456.678526209049	504.5	5756	14288
point	13	4	0	5	12361.862852586797	22360.546197547275	298.0	12395	22279
point	12	4	0	5	2153.291361487802	22066.245137811522	132.0	2569	21983
point	11	4	1	5	11855.22512657401	26294.7849101078	298.0	11784	26291
point	10	4	5	5	9657.784746114712	12863.672510362221	31.53125	9703	12834
point	9	5	2	5	18660.11372352845	13417.77293032514	132.0	18642	13127
point	8	5	0	5	7028.282186967826	17983.38036449464	672.0	7062	17989
disappearpoint	7	4	2	5	16155.0	22964.0	0.0	16155	22964
point	6	5	0	5	11962.378223751673	25620.34973797295	298.0	11973	25151
point	5	5	0	5	13943.703392030395	20801.62263225371	672.0	13308	20551
point	4	6	1	5	15666.296198184109	7503.385815012386	298.0	15694	7590
point	3	6	1	5	11423.205126979858	15601.689741261729	504.5	11416	15588
point	2	6	2	5	11359.011942821431	28874.484611559714	252.25	11321	28824
point	1	6	0	5	14714.74191875037	12921.89283861648	447.99999999999994	14816	13034
point	0	6	0	5	16036.53809978866	14094.319285031701	672.0	15972	14104
newpoint	25	1	1	5	5503.0	15933.0	298.0	5657	16009
newpoint	26	1	1	5	8833.0	23758.0	504.50000000000006	9010	23682
newpoint	27	1	2	5	7065.0	12912.0	252.24999999999997	7181	12769
newpoint	28	1	0	5	8386.0	12660.0	448.0	8393	12673
newpoint	29	1	1	5	3871.0	14482.0	298.0	3812	14609
point	29	2	1	6	3863.79419040766	14755.174161892732	298.0	3924	14852
point	28	2	0	6	8613.24323966288	13046.074271040237	448.0	8631	13076
point	27	2	2	6	7193.780039382159	12702.092734999287	252.25	7232	12502
point	26	2	1	6	9277.032813808279	23520.927371573944	504.5	9319	23495
point	25	2	1	6	5779.629226145565	16039.093061630814	298.0	5820	16049
point	22	3	0	6	6915.998161314102	13182.99080657051	448.0	6929	13248
point	21	3	1	6	8064.379593036557	18270.18106462873	298.0	7980	18219
point	20	3	0	6	13030.623210941945	21058.871715128505	298.0	13058	20962
point	19	4	2	6	4844.443401193969	17313.38867112301	252.25	5039	17354
point	24	3	5	6	7598.2001949429305	8426.60138035647	31.53125	7682	8321
point	17	4	1	6	15086.249104390707	22555.805822480554	298.0	15061	22555
point	16	4	0	6	18008.07044900486	25091.402777355503	132.0	17719	24776
point	15	4	1	6	10188.561120407277	8012.3644171886335	298.0	10192	8061
point	14	5	1	6	6068.1988130157515	14362.92771512378	504.50000000000006	6456	14456
point	13	5	0	6	12514.508195398503	22116.866279189457	298.0	12577	22074
point	12	5	0	6	2282.7218153170693	22040.326850415364	132.0	2569	21983
point	11	5	1	6	11570.413073361484	26215.526100902025	298.0	11505	26185
point	10	5	5	6	9684.146381803292	12846.37268694159	31.53125	9703	12834
point	9	6	2	6	18651.90668172943	13286.0283119724	132.0	18642	13127
point	8	6	0	6	7509.413748429094	17921.743795803384	298.0	7654	17541
point	23	3	1	6	15764.80644119885	21536.92166680371	504.5	15382	21382
point	6	6	0	6	11969.120486116683	25322.426019719096	298.0	11973	25151
point	5	6	0	6	13318.534042799154	20555.152989535207	672.0	13308	20551
point	4	7	1	6	15681.288521369388	7796.672179459181	298.0	15681	7801
point	3	7	1	6	11224.189377320423	15140.124499643383	504.50000000000006	11215	15107
point	2	7	2	6	11507.701197745393	28794.25998619985	252.25	11660	28770
point	1	7	0	6	15016.035102875247	13253.441690846761	448.0	15114	13360
point	0	7	0	6	15368.081446911381	14045.55626905594	672.0	15104	14020
newpoint	30	1	0	6	15130.0	23113.0	298.0	15130	23016
newpoint	31	1	0	6	10589.0	4297.0	298.0	10577	4322
newpoint	32	1	0	6	8402.0	18747.0	298.0	8386	18640
newpoint	33	1	0	6	14768.0	8109.0	198.0	14768	8174
newpoint	34	1	0	6	8793.0	7949.0	298.0	8669	7869
point	34	2	0	7	8760.302878675384	7749.442935373495	298.0	9018	7412
point	33	2	0	7	14875.648324237864	8214.23379334647	198.0	14953	8193
point	32	2	0	7	8428.712973162676	18471.395532991603	298.0	8392	18452
point	31	2	0	7	10362.116624219969	4429.826769872221	298.0	10378	4510
point	30	2	0	7	15101.921206271314	22816.970903276073	298.0	15096	22775
point	29	3	1	7	4020.8925804567066	15008.40140939862	298.0	4051	15057
point	28	3	0	7	8852.854995153784	13099.667832558287	298.0	9007	13005
point	27	3	2	7	7243.880098919236	12454.936531204565	252.25	7258	12399
point	26	3	1	7	9660.763573524204	23195.236426475796	504.50000000000006	9878	22978
point	25	3	1	7	6074.236212996783	16061.25044474204	298.0	6206	16057
point	22	4	0	7	7063.915459060493	13463.086688335075	298.0	7183	13654
point	21	4	1	7	7865.060398287387	18381.8311024262	298.0	7764	18525
point	20	4	0	7	13140.21297544195	20783.389932786944	298.0	13171	20723
point	19	5	2	7	5092.141003865928	17360.187651135075	252.25	5185	17371
point	24	4	5	7	7617.800292414397	8401.902070534705	31.53125	7682	8321
point	17	5	1	7	15013.261751352275	22286.47235135654	298.0	14989	22150
point	16	5	0	7	17918.88297381718	24994.09093701915	132.0	17719	24776
point	15	5	1	7	10450.474335590367	8332.278017848712	448.00000000000006	10515	8400
point	14	6	1	7	6554.559854744976	14494.152201836765	504.5	7572	14888
point	13	6	0	7	12699.419369011992	21888.86725491734	298.0	12775	21687
point	12	6	0	7	2412.1522691463365	22014.408563019202	132.0	2569	21983
point	11	6	1	7	11528.495473171495	25960.410918213653	298.0	11539	25860
point	10	6	5	7	9707.487691283297	12841.778664891048	31.53125	9808	13016
point	9	7	2	7	18643.699639930404	13154.283693619662	132.0	18642	13127
point	8	7	0	7	7615.207008968855	17643.154876382014	298.0	7654	17541
point	23	4	1	7	15297.013463340712	21348.005385336284	504.5	15187	21304
point	6	7	0	7	11782.839158826097	25146.559841556023	448.00000000000006	11640	25144
point	5	7	0	7	12836.660617049027	20117.585631439328	672.0	12780	20082
point	4	8	1	7	15913.20284395618	7743.058519464482	298.0	15949	7729
point	3	8	1	7	11105.872249409722	14649.881221464719	504.49999999999994	11090	14578
point	2	8	2	7	11754.037383446192	28742.304058300095	252.24999999999997	11806	28727
point	1	8	0	7	15315.930093491186	13586.244032079529	448.0	15481	13769
point	0	8	0	7	14780.327732857573	13773.770790640117	672.0	14452	13524
newpoint	35	1	1	7	11496.0	29606.0	132.0	11472	29502
newpoint	36	1	1	7	10303.0	10364.0	298.0	10508	10255
newpoint	37	1	0	7	12854.0	13378.0	448.0	12975	13445
newpoint	38	1	0	7	11773.0	18122.0	88.0	12022	18169
newpoint	39	1	1	7	14433.0	16175.0	298.0	14324	16185
point	39	2	1	8	14227.104940773876	16041.588428471745	504.5	14067	16065
point	38	2	0	8	11859.47303148178	18138.32221879375	88.0	12022	18169
point	37	2	0	8	13179.540641904081	13028.28746144193	672.0	13220	12936
point	36	2	1	8	10566.079420399949	10224.024309120026	298.0	10673	10167
point	35	2	1	8	11461.301466387251	29479.110114130865	132.0	11429	29410
point	34	3	0	8	8941.169084241104	7512.606671924972	298.0	9018	7412
point	33	3	0	8	15055.730465454686	8135.919567155327	197.99999999999997	15120	8091
point	32	3	0	8	8270.571527896216	18346.881974622233	298.0	8285	18345
point	31	3	0	8	10513.842272566462	4674.753010746995	298.0	10525	4686
point	30	3	0	8	15055.260296263024	22522.71416647951	298.0	14989	22150
point	29	4	1	8	4171.83407240217	15265.15123435439	298.0	4233	15378
point	28	4	0	8	9106.734200427574	12943.625107429185	298.0	9280	12837
point	27	4	2	8	7363.2530796305255	12238.66715265477	252.25	7422	12174
point	26	4	1	8	10017.661625451718	22838.66392612276	504.49999999999994	10307	22550
point	25	4	1	8	6372.085747510505	16051.782646675063	298.0	6588	16045
point	22	5	0	8	7222.872667524248	13715.138090203847	298.0	7243	13746
point	21	5	1	8	7692.165124833826	18624.54261273027	298.0	7624	18719
point	20	5	0	8	13232.192251897053	20508.86090525678	672.0	13188	20476
point	19	6	2	8	5335.380550971467	17368.500494505864	252.25	5376	17089
point	24	5	5	8	7637.400389885862	8377.202760712938	31.53125	7682	8321
point	17	6	1	8	14965.054202399526	21992.421202887206	298.0	14958	21946
point	16	6	0	8	17829.695498629506	24896.7790966828	132.0	17719	24776
point	15	6	1	8	10693.943094496586	8677.815580241011	448.0	10652	8973
point	14	7	1	8	7025.040460324254	14676.27372657713	504.5	7572	14888
point	13	7	0	8	12817.710737194937	21616.47761998045	298.0	12818	21616
point	12	7	0	8	2541.5827229756037	21988.490275623044	132.0	2569	21983
point	11	7	1	8	11630.644292282235	25752.971520538194	298.0	11640	25144
point	10	7	5	8	9723.24456489489	12869.090579151141	31.53125	9808	13016
point	9	8	2	8	18606.54955570432	13033.597039471173	132.0	18531	12973
disappearpoint	8	7	0	8	7654.0	17541.0	0.0	7654	17541
point	23	5	1	8	14827.767197231437	21162.78542099175	504.49999999999994	14826	21162
point	6	8	0	8	11335.069089455283	25133.199387910005	448.0	11325	25133
point	5	8	0	8	12603.0	20639.959053571984	672.0	12603	20838
point	4	9	1	8	16081.505847186236	7952.167742629451	298.0	16196	8145
point	3	9	1	8	10707.581109676164	14590.747296344129	448.0	10670	14592
point	2	9	2	8	11991.748979636734	28658.21651084561	252.25	11995	28657
point	1	9	0	8	15616.731690830034	13918.239786676359	448.0	15708	14019
point	0	9	0	8	14229.150016417483	13391.10780795538	672.0	14016	13264
newpoint	40	1	0	8	10998.0	27761.0	198.0	10912	27750
newpoint	41	1	3	8	11940.0	19576.0	126.125	11841	19530
newpoint	42	1	2	8	3384.0	12008.0	252.25	4201	12410
newpoint	43	1	2	8	14244.0	28520.0	252.25	14220	28470
newpoint	44	1	0	8	12547.0	11722.0	298.0	12565	11496
point	44	2	0	9	12668.170091647731	11467.010056892374	448.0	12686	11462
point	43	2	2	9	14137.846479351794	28291.18143665092	252.25000000000003	14099	28206
point	42	2	2	9	3610.33494248163	12119.366764844082	252.25	4201	12410
point	41	2	3	9	11848.668660613697	19514.872779063393	126.125	11914	19386
point	40	2	0	9	10869.910457954762	27830.975446290806	298.0	10692	27851
point	38	3	0	9	11945.946062963561	18154.6444375875	88.0	12022	18169
point	37	3	0	9	12676.632231340256	12761.520933819684	672.0	12284	12624
point	36	3	1	9	10653.712040759703	9901.872289086776	448.0	10614	9356
point	35	3	1	9	11402.29257080069	29361.104860388958	132.0	11364	29291
point	34	4	0	9	9117.515975631643	7272.4349122239155	298.0	9182	7182
point	33	4	0	9	15246.225059316335	8110.311722835528	447.99999999999994	15292	8078
point	32	4	0	9	8556.467465603735	18332.10954174296	298.0	8704	18357
point	31	4	0	9	10726.243466567428	4800.914070623261	298.0	10828	4765
point	30	4	0	9	15003.10036251721	22229.31453915931	298.0	14989	22150
point	29	5	1	9	4297.909019226993	15532.538503551477	298.0	4497	15692
point	28	5	0	9	9360.95665003977	12788.146849113931	298.0	9454	12732
point	27	5	2	9	7530.388749109653	12049.749482727959	252.25	7545	12033
point	26	5	1	9	10373.434300229099	22480.990726893804	504.5	10436	22416
point	25	5	1	9	6669.946581358578	16042.686214173405	298.0	7013	16033
point	22	6	0	9	7384.0842989141465	13965.765927154729	298.0	7399	13989
point	21	6	1	9	7505.220600267035	18856.25619524698	298.0	7489	18875
point	20	6	0	9	12753.06244344971	20064.997587880807	672.0	12517	19916
point	19	7	2	9	5371.658617960445	17118.872843081703	252.25	5376	17089
point	24	6	5	9	7657.000487357327	8352.503450891174	31.53125	7682	8321
point	17	7	1	9	14935.0	21696.285015519057	298.0	14935	21619
point	16	7	0	9	17740.508023441827	24799.46725634645	132.0	17719	24776
point	15	7	1	9	10635.420588096295	9121.903572947636	448.0	10614	9356
point	14	8	1	9	7495.521065903533	14858.395251317497	504.5	7572	14888
point	13	8	0	9	12926.22497633361	21691.14065714354	132.0	13011	21750
point	12	8	0	9	2671.0117923780913	21962.5650759083	132.0	3822	21732
point	11	8	1	9	11635.22196438044	25455.006682145875	298.0	11640	25144
point	10	8	5	9	9739.001438506482	12896.402493411237	31.53125	9808	13016
point	9	9	2	9	18500.858300516113	12954.914980309668	132.0	18431	12913
point	39	3	1	9	13728.159972022102	16116.238652996566	504.5	13601	16136
point	23	6	1	9	14360.149566720882	20973.473351002714	504.49999999999994	14342	20966
point	6	9	0	9	10979.75771088632	25138.0	448.0	10964	25138
point	5	9	0	9	12519.40856388605	21298.257579302845	672.0	12474	21403
point	4	10	1	9	16269.633518217528	8148.934615477272	298.0	16327	8152
point	3	10	1	9	10259.877975096353	14606.935242238056	448.0	10258	14607
point	2	10	2	9	12225.57339454461	28563.58285891564	252.25	12807	28333
point	1	10	0	9	15906.275232681943	14259.013565603394	448.0	15936	14291
point	0	10	0	9	13624.13629278318	13102.528522654375	672.0	13220	12936
newpoint	45	1	2	9	12504.0	18184.0	252.25	12429	18186
newpoint	46	1	0	9	9703.0	12834.0	298.0	9599	12644
newpoint	47	1	0	9	12141.0	4446.0	298.0	12237	4507
newpoint	48	1	0	9	16777.0	24224.0	132.0	16904	24010
newpoint	49	1	2	9	3919.0	14375.0	252.25	3871	14482
point	49	2	2	10	3814.131419263291	14604.41202972139	252.24999999999997	3812	14609
point	48	2	0	10	16844.3666024073	24110.48462271526	132.0	16904	24010
point	47	2	0	10	12469.120895002867	4355.828828884688	448.0	12475	4352
point	46	2	0	10	9668.361599325868	12601.399962618758	298.0	9726	12566
point	45	2	2	10	12311.446873742945	18294.711120050168	252.24999999999997	12292	18433
point	44	3	0	10	13113.6518836033	11487.231437438462	447.99999999999994	13123	11489
point	43	3	2	10	14242.089542671243	28137.532342947277	252.25	14501	28012
point	42	3	2	10	3836.6698849632603	12230.733529688165	252.25	4201	12410
point	41	3	3	10	11905.697584242635	19402.377368069323	126.125	11914	19386
point	40	3	0	10	10785.266204936293	28097.036146627834	672.0	10938	28315
point	38	4	0	10	11995.850418254553	18121.777495236245	448.0	11749	17676
point	37	4	0	10	12462.267139262602	12283.489733992785	1009.0	12996	11264
point	36	4	1	10	10621.206084520038	9455.053127894078	448.0	10614	9356
point	35	4	1	10	11334.461613479463	29248.059938113664	132.0	11256	29134
point	34	5	0	10	9393.23370351144	7367.343509930594	448.0	9403	7376
point	33	5	0	10	15584.140032634798	8052.95690964775	448.0	15417	8409
point	32	5	0	10	8726.85874230326	18210.38875626184	298.0	8733	18171
point	31	5	0	10	11006.677606147914	4700.128650159022	298.0	11026	4693
point	30	5	0	10	14956.495091821278	21935.00259407857	298.0	14945	21851
point	29	6	1	10	4539.658695673107	15696.73985507479	298.0	4686	15713
point	28	6	0	10	9615.798714328426	12633.68267938884	298.0	9726	12566
point	27	6	2	10	7711.320670223792	11875.819744133829	252.25	7744	11851
point	26	6	1	10	10655.05003933859	22070.038063689164	504.5	10663	22051
point	25	6	1	10	6967.82786479408	16034.275448523462	298.0	7013	16033
point	22	7	0	10	7544.965394102688	14216.60705521097	298.0	7576	14265
point	21	7	1	10	7259.549199722756	18919.910683346683	298.0	7248	18915
point	20	7	0	10	12348.1007423079	19574.77383792108	672.0	12201	19289
point	19	8	2	10	5591.712109305991	17141.729626719243	252.25	5601	17144
point	24	7	5	10	7676.600584828792	8327.804141069408	31.53125	7682	8321
point	17	8	1	10	14966.771301221572	21401.22394005002	298.0	14984	21325
point	16	8	0	10	17644.13386693414	24842.54767383632	132.0	17269	25176
point	15	8	1	10	10629.44944168561	9568.364359441182	448.0	10673	10167
point	14	9	1	10	7976.7377366728615	15009.186008364259	504.5	8948	15300
point	13	9	0	10	13035.379084610555	21765.32399604092	132.0	13046	21772
point	12	9	0	10	2800.4404896991114	21936.6380184242	132.0	3822	21732
point	11	9	1	10	11639.799636478647	25157.041843753555	298.0	11640	25144
point	10	9	5	10	9754.758312118076	12923.714407671332	31.53125	9808	13016
point	9	10	2	10	18385.802874907695	12935.598562546153	132.0	17947	13155
point	39	4	1	10	13250.061841772613	16265.645514053387	504.49999999999994	13138	16323
point	23	7	1	10	13893.485496380896	20781.824497853762	504.5	13308	20551
point	6	10	0	10	11089.635201457395	24624.69491932359	672.0	11196	24373
point	5	10	0	10	12116.653532743248	21571.627017145544	1009.0	12036	21504
point	4	11	1	10	16548.85090574994	8236.794166957012	298.0	17142	8600
disappearpoint	3	10	1	10	10047.0	14655.0	0.0	10047	14655
point	2	11	2	10	12460.057052481116	28470.591049272447	252.25	12807	28333
point	1	11	0	10	15955.888902238257	14703.990777136367	672.0	15937	14751
point	0	11	0	10	12994.059663941352	12872.70110056829	672.0	12284	12624
newpoint	50	1	3	10	13304.0	19994.0	126.12500000000001	13240	19989
newpoint	51	1	0	10	12255.0	18826.0	448.0	12191	18927
newpoint	52	1	5	10	19764.0	23634.0	31.53125	20027	23722
newpoint	53	1	0	10	11919.0	25149.0	298.0	11940	24890
newpoint	54	1	1	10	11850.0	6765.0	298.0	11937	7089
point	54	2	1	11	11927.280943202883	7052.8048919279745	298.0	11937	7089
point	53	2	0	11	11942.784023761009	24851.951675266206	298.0	11952	24726
point	52	2	5	11	19793.90178129695	23644.005158760956	31.53125	20027	23722
point	51	2	0	11	11905.399979335165	18909.190583573538	448.0	11570	18739
point	50	2	3	11	13189.447762901027	20021.802523906532	126.125	13168	20046
point	48	3	0	11	16918.08215361273	24015.594280202316	132.0	17050	24068
point	47	3	0	11	12882.859173775088	4511.991148030631	448.0	12931	4553
point	46	3	0	11	9902.81232538168	12425.531372232825	298.0	9935	12403
point	45	3	2	11	12281.445611907388	18545.104716767488	252.25	12255	18826
point	44	4	0	11	13555.476106434126	11559.852658669583	448.0	13604	11564
point	43	4	2	11	14469.067651211484	28027.482350927767	252.25	14501	28012
point	42	4	2	11	4063.0048274448905	12342.100294532247	252.25	4201	12410
point	41	4	3	11	12016.191831286756	19351.7988922812	126.125	12201	19289
point	40	4	0	11	11181.14310340852	28639.93546368133	672.0	11321	28824
point	38	5	0	11	11778.822574100539	17729.855417698043	448.0	11749	17676
point	37	5	0	11	12930.253701950593	11389.582816498867	1009.0	12996	11264
point	36	5	1	11	10647.332713017935	9008.938109761893	448.0	10652	8973
point	35	5	1	11	11259.65041333827	29139.306619389892	132.0	11256	29134
point	34	6	0	11	9727.011767054872	7666.109546252902	448.0	9992	7896
point	33	6	0	11	15401.425851917938	8461.313939562864	447.99999999999994	15380	8543
point	32	6	0	11	8970.509355575907	18272.10907231144	298.0	9003	18286
point	31	6	0	11	11270.751719740716	4572.407344398649	298.0	11589	4498
point	30	6	0	11	14935.0	21638.23099482943	298.0	14935	21619
point	29	7	1	11	4836.497973035184	15721.852821943246	298.0	4941	15728
point	28	7	0	11	9853.164522395093	12462.133378682722	298.0	9895	12431
point	27	7	2	11	7769.5284565520615	11702.476942716412	252.25	7716	11621
point	26	7	1	11	10943.695364354799	21656.887641552814	504.5	10965	21628
point	25	7	1	11	7298.63884029995	16171.536625851959	504.5	7323	16192
point	22	8	0	11	7719.149908406876	14455.690358322261	298.0	7789	14514
point	21	8	1	11	6976.384448587578	19002.788258415192	298.0	6425	19181
point	20	8	0	11	12036.394068388197	18984.749092812555	448.0	12027	18972
point	19	9	2	11	5842.374848339962	17169.21826773701	252.24999999999997	5869	17172
point	24	8	5	11	7702.657608178857	8330.754981640015	31.53125	7718	8338
point	17	9	1	11	14814.286338428794	21157.348987317317	504.50000000000006	14758	21135
point	16	9	0	11	17545.475836867896	24930.24370056187	132.0	17269	25176
point	15	9	1	11	10661.955397925276	10015.18352063388	448.0	10673	10167
point	14	10	1	11	8460.038365154947	15153.895208171394	504.5	8948	15300
point	13	10	0	11	13165.159873587518	21763.605889456318	132.0	13699	21726
point	12	10	0	11	2929.8691870201314	21910.7109609401	132.0	3822	21732
point	11	10	1	11	11219.595133948456	25135.141329046346	298.0	11126	25136
point	10	10	5	11	9770.51518572967	12951.026321931427	31.53125	9808	13016
point	9	11	2	11	18267.738485695707	12994.630757152147	132.0	17947	13155
point	39	5	1	11	12809.014783419034	16510.24915034041	504.50000000000006	12748	16546
point	23	8	1	11	13424.143328691667	20596.788880664055	504.5	13308	20551
point	6	11	0	11	11355.49601833588	24007.537594066096	672.0	11455	23778
point	5	11	0	11	11267.205197022595	21051.780734431242	1009.0	10364	20772
point	4	12	1	11	16802.99041911068	8392.412635490682	298.0	17142	8600
point	49	3	2	11	3910.9095388449696	14830.947299585725	252.25000000000003	3924	14852
point	2	12	2	11	12694.54071041762	28377.599239629253	252.25	12807	28333
point	1	12	0	11	15511.38233346577	15182.290561974942	672.0	15494	15194
point	0	12	0	11	12359.837055829745	12650.562217524124	672.0	12284	12624
newpoint	55	1	1	11	17671.0	9810.0	132.0	17565	10004
newpoint	56	1	0	11	11401.0	11072.0	298.0	11505	11079
newpoint	57	1	1	11	8655.0	17760.0	504.5	8558	17796
newpoint	58	1	0	11	14715.0	15764.0	298.0	14676	15688
newpoint	59	1	5	11	11384.0	20341.0	31.53125	11484	20140
point	59	2	5	12	11398.044995722168	20312.769558598444	31.53125	11484	20140
point	58	2	0	12	14619.957588077912	15483.63182640295	298.0	14590	15352
point	57	2	1	12	8165.457982119509	17716.796608842295	504.5	8052	17690
point	56	2	0	12	11477.1584342229	10891.750531076885	298.0	11463	10864
point	55	2	1	12	17607.707865777975	9925.836547538422	132.0	17565	10004
point	54	3	1	12	12197.17239270565	7075.493782892329	298.0	12303	7070
point	53	3	0	12	11781.464515759306	24746.062998145964	298.0	11476	24782
point	52	3	5	12	19823.803562593897	23654.010317521912	31.53125	20027	23722
point	51	3	0	12	11516.272981105349	18694.14787845245	448.0	11422	18638
point	50	3	3	12	13118.979257791922	20125.9600631099	126.125	13046	20245
point	48	4	0	12	17040.756628970794	24064.327975892505	132.0	17050	24068
point	47	4	0	12	13219.010470862659	4808.0104708626595	448.0	13265	4854
point	46	4	0	12	10235.156611300732	12903.261018834553	672.0	10277	12973
point	45	4	2	12	12257.801441204752	18796.24415152791	252.25	12255	18826
disappearpoint	44	4	0	12	13752.0	11736.0	0.0	13752	11736
point	43	5	2	12	14405.404267484979	27817.456471166282	252.25000000000003	14309	27623
point	42	5	2	12	4282.081414647596	12465.848942695817	252.25	5210	13105
point	41	5	3	12	12135.610608929745	19311.219695994747	126.125	12201	19289
point	40	5	0	12	11585.81759774253	29176.42346365671	672.0	11965	29682
point	38	6	0	12	11719.871778531757	17291.564429364847	448.00000000000006	11723	17229
disappearpoint	37	5	0	12	12996.0	11264.0	0.0	12996	11264
point	36	6	1	12	10680.88447917444	8574.615241236253	448.00000000000006	10515	8400
point	35	6	1	12	11185.52457526174	29030.396890667063	132.0	11164	28988
point	34	7	0	12	10049.614910269105	7958.502242134321	448.0	10078	7970
point	33	7	0	12	15273.015088863049	8888.946910896702	448.0	15223	8986
point	32	7	0	12	9184.385208175834	18187.203188624928	298.0	9214	18146
point	31	7	0	12	11560.926225273706	4504.563727612063	298.0	11589	4498
point	30	7	0	12	14979.570234324623	21344.598357230458	298.0	14984	21325
point	29	8	1	12	5125.470538254367	15783.899858360483	298.0	5241	15822
point	28	8	0	12	10163.589434290161	12783.982390483601	672.0	10277	12973
disappearpoint	27	7	2	12	7746.0	11525.0	0.0	7746	11525
point	26	8	1	12	10984.94436958714	21196.086669876688	504.50000000000006	10938	21111
point	25	8	1	12	7690.264168529634	16489.56550911289	504.5	8006	16747
point	22	9	0	12	7947.9818552901415	14646.582635138218	298.0	8370	14998
point	21	9	1	12	6692.827283389764	19094.43613926892	298.0	6425	19181
point	20	9	0	12	11642.080868778374	18775.575688365265	448.0	11570	18739
disappearpoint	19	9	2	12	5869.0	17172.0	0.0	5869	17172
point	24	9	5	12	7718.485205330831	8323.443840075064	31.53125	7719	8308
point	17	10	1	12	14346.707410252215	20967.93834539797	504.49999999999994	14342	20966
point	16	10	0	12	17446.817806801653	25017.93972728742	132.0	17269	25176
point	15	10	1	12	10816.787073582576	10425.481042782685	448.0	10930	10629
point	14	11	1	12	8943.338993637031	15298.60440797853	504.5	8948	15300
point	13	11	0	12	13296.833570973442	21754.330253805852	132.0	13699	21726
point	12	11	0	12	3059.2978843411515	21884.783903456002	132.0	3822	21732
point	11	11	1	12	10898.268325779094	25077.533367710857	504.5	11196	24373
point	10	11	5	12	9786.272059341263	12978.338236191521	31.53125	9808	13016
point	9	12	2	12	18149.674096483715	13053.662951758142	132.0	17947	13155
point	39	6	1	12	12352.856903026099	16663.499005553247	504.5	12299	16664
point	23	9	1	12	13019.95818188174	20315.36545466551	504.50000000000006	13015	20306
point	6	12	0	12	11618.526262730677	23389.16414116525	672.0	11666	23276
point	5	12	0	12	10300.548692028719	20772.604298171154	1009.0	9944	20776
point	4	13	1	12	17057.129932471424	8548.031104024352	298.0	17142	8600
point	49	4	2	12	4043.7892144947405	15045.36054308206	252.25	4051	15057
point	2	13	2	12	12843.529267680196	28459.084891670358	252.25	12869	28547
point	1	13	0	12	15682.474391167207	15408.754928454282	298.0	15690	15422
point	0	13	0	12	11480.564521352333	12995.265346573291	1008.9999999999999	11396	13028
newpoint	60	1	1	12	10313.0	17271.0	504.5	10289	17501
newpoint	61	1	1	12	12484.0	19594.0	298.0	12393	19662
newpoint	62	1	0	12	15055.0	7969.0	132.0	15210	8132
newpoint	63	1	0	12	10378.0	4510.0	298.0	10400	4560
newpoint	64	1	2	12	14935.0	21739.0	252.25	14935	21619
point	64	2	2	13	14948.519113985503	21487.745980597854	252.25	14951	21471
point	63	2	0	13	10549.380509815222	4730.61340852909	298.0	10658	4825
point	62	2	0	13	15145.961187443116	8064.655958407922	132.0	15210	8132
point	61	2	1	13	12250.124112840587	19384.433823383017	504.5	12201	19289
point	60	2	1	13	10262.347440981703	17772.948115476524	504.5	10254	17860
point	55	3	1	13	17554.587975842252	10045.648096630988	132.0	17553	10052
point	54	4	1	13	12300.023150147439	6877.993184509819	298.0	12299	6812
point	53	4	0	13	11485.505635671088	24780.881689921047	298.0	11476	24782
point	52	4	5	13	19853.705343890848	23664.015476282868	31.53125	20027	23722
point	51	4	0	13	11198.291852798871	18384.403128620972	448.0	10965	18126
point	50	4	3	13	13053.058448216818	20233.48662954798	126.125	13046	20245
point	48	5	0	13	17144.469119360925	24144.9172139309	132.0	17235	24253
point	47	5	0	13	13546.700213121232	5102.417516898789	672.0	13461	5489
point	46	5	0	13	10347.79139979876	13462.861077687205	1008.9999999999999	9708	14020
point	45	5	2	13	12104.887005862543	18978.22259882749	252.25	12041	18991
point	59	3	5	13	11412.089991444336	20284.539117196884	31.53125	11484	20140
point	43	6	2	13	14293.148785960706	27591.561758822067	252.25000000000003	14249	27504
point	42	6	2	13	4489.8197564596385	12608.939277244252	252.25	5210	13105
point	41	6	3	13	12175.177068782621	19238.113635542224	126.125	12167	19222
point	40	6	0	13	11989.042328663598	29714.004900536107	672.0	12276	30096
point	38	7	0	13	11814.979293456649	16856.475638300595	448.0	11812	16817
point	58	3	0	13	14428.432873244103	15330.417915493586	298.0	14366	15322
point	36	7	1	13	10372.103963962676	8250.025522549064	448.00000000000006	10192	8061
point	35	7	1	13	11141.529352937689	28907.528352878384	132.0	11137	28826
point	34	8	0	13	10357.592387502094	7912.274239366998	298.0	10389	7900
disappearpoint	33	7	0	13	15223.0	8986.0	0.0	15223	8986
point	32	8	0	13	9393.141067714923	17975.573903146884	298.0	9399	17970
point	31	8	0	13	11848.615292160683	4505.706186585807	298.0	12141	4446
point	30	8	0	13	14626.634263437953	21082.922440300503	672.0	14614	21078
point	29	9	1	13	5405.499124204014	15885.556479806097	298.0	5417	15890
point	28	9	0	13	10593.01697895884	13276.811640322614	1009.0	11396	13028
point	57	3	1	13	7769.129162358925	17946.92500250127	504.5	7738	17965
point	26	9	1	13	11335.212840944303	21201.185219312898	504.5	11537	21247
point	25	9	1	13	8081.646947951651	16807.90220385938	504.49999999999994	8124	16842
point	22	10	0	13	8176.982346859282	14837.27289409523	298.0	8370	14998
point	21	10	1	13	6409.264721681107	19186.06729301795	298.0	6366	19200
point	20	10	0	13	11298.677799077555	18499.461991207856	448.0	11253	18445
point	56	3	0	13	11305.478913449226	10672.135946856131	298.0	11052	10854
point	24	10	5	13	7728.399990700064	8294.95511494685	31.531249999999996	7817	8172
point	17	11	1	13	13879.961446019022	20776.49271397009	504.5	13308	20551
point	16	11	0	13	17348.15977673541	25105.63575401297	132.0	17269	25176
point	15	11	1	13	11032.53511692087	10818.10165005898	448.0	11052	10854
point	14	12	1	13	9144.368433016502	14840.571968036866	504.49999999999994	9160	14804
point	13	12	0	13	13428.507268359366	21745.05461815539	132.0	13699	21726
point	12	12	0	13	3188.7265816621716	21858.856845971903	132.0	3822	21732
point	11	12	1	13	11094.651393363802	24612.824920653973	504.5	11196	24373
point	10	12	5	13	9802.028932952855	13005.650150451616	31.53125	9808	13016
point	9	13	2	13	18031.609707271728	13112.695146364136	132.0	17947	13155
point	39	7	1	13	11902.307982542161	16760.207966704158	448.00000000000006	11892	16759
point	23	10	1	13	12647.59700244024	19998.430047167603	504.5	12517	19916
point	6	13	0	13	11875.402022431444	22768.200095603745	672.0	11906	22694
point	5	13	0	13	9343.709847798198	20532.307007583076	1009.0	8843	19730
point	4	14	1	13	17186.24400275823	8524.025449809096	132.0	17340	8260
point	49	5	2	13	4170.750851551766	15263.1527338707	252.24999999999997	4233	15378
point	2	14	2	13	12963.62786116722	28663.779914042236	252.25	12998	28639
point	1	14	0	13	15732.74146741534	15691.886858873524	298.0	15736	15716
point	0	14	0	13	10524.123390743242	13309.308817630288	1008.9999999999999	9708	14020
newpoint	65	1	0	13	5247.0	22385.0	132.0	5270	22374
newpoint	66	1	1	13	15949.0	7729.0	298.0	15674	7837
newpoint	67	1	0	13	8839.0	17404.0	672.0	8652	17274
newpoint	68	1	2	13	15171.0	12129.0	252.25	15121	12013
newpoint	69	1	0	13	20018.0	9330.0	132.0	19065	9922
point	69	2	0	14	19905.872955809366	9399.652896286312	132.0	19065	9922
point	68	2	2	14	15246.286756204454	12000.25897394531	252.25	15357	11989
point	67	2	0	14	8728.169699300923	16611.323616081976	1009.0	8752	16404
point	66	2	1	14	15673.486464096244	7839.50069657481	298.0	15651	7949
point	65	2	0	14	5341.699132628495	22295.24386612854	132.0	5524	22095
point	63	3	0	14	10803.315425422657	4773.712202792003	298.0	10828	4765
point	62	3	0	14	15095.439087982677	8198.75783022758	448.0	14982	8264
point	61	3	1	14	12001.864869058054	18959.432434529026	448.0	11999	18958
point	60	3	1	14	10668.774611234865	17902.913430728295	504.5	10751	17914
point	55	4	1	14	17472.111167453084	10147.892406325778	132.0	17429	10199
point	54	5	1	14	12401.662355257808	6807.416859140277	132.0	12747	6792
point	53	5	0	14	11588.294042904126	24516.328727763408	298.0	11640	24394
point	52	5	5	14	19883.607125187795	23674.020635043824	31.53125	20027	23722
point	51	5	0	14	10931.14556157422	18035.417753703125	448.0	10933	18028
point	50	5	3	14	12967.887301793868	20212.426161318886	126.125	12944	20185
point	48	6	0	14	17229.22840612897	24246.109423643768	132.0	17235	24253
point	47	6	0	14	13409.386443168556	5760.163761263706	672.0	13394	5841
point	46	6	0	14	9615.97666973387	14151.653815563224	1009.0	9160	14804
point	45	6	2	14	11881.667883776849	18897.148307362015	252.25	11570	18739
point	59	4	5	14	11426.134987166504	20256.308675795328	31.53125	11484	20140
point	43	7	2	14	14180.708566078067	27365.784146730515	252.25	14075	27155
point	42	7	2	14	4697.558098271682	12752.029611792685	252.25	5210	13105
point	41	7	3	14	12117.92263466384	19125.73286030215	126.125	12063	19018
point	40	7	0	14	12396.98772474257	30247.943578054324	672.0	12880	30851
point	38	8	0	14	11767.912402661133	16374.565231291846	672.0	11769	16364
point	58	4	0	14	14131.995586202005	15301.611393370991	298.0	13967	15292
point	36	8	1	14	10044.243251926584	7956.3263805272245	448.0	9999	7938
point	35	8	1	14	11250.653034399054	28824.764640930443	298.0	11321	28824
point	34	9	0	14	10623.645757926204	7778.411586486292	298.0	10915	7626
point	64	3	2	14	15010.531643492382	21243.575301006138	252.24999999999997	15013	21236
point	32	9	0	14	9663.780817631095	17799.895789123835	672.0	10056	17840
point	31	9	0	14	12140.58988805583	4446.083746583194	298.0	12141	4446
point	30	9	0	14	14005.64960545267	20826.102048285622	672.0	14003	20825
point	29	10	1	14	5674.2747463017095	16013.239201546432	298.0	5820	16049
point	28	10	0	14	11552.999757431633	12967.225900349045	1008.9999999999999	12016	12788
point	57	4	1	14	7274.810539616012	17999.537804445077	504.5	7255	17998
point	26	10	1	14	11784.410883686565	21411.24719479031	504.5	11791	21416
point	25	10	1	14	8472.25614821294	17127.186319532706	504.5	8652	17274
point	22	11	0	14	8362.21398791664	15044.172862354804	298.0	8327	15253
point	21	11	1	14	6126.037791237628	19278.722109112372	298.0	6063	19299
point	20	11	0	14	11000.418990018374	18165.231450749518	448.0	10965	18126
point	56	4	0	14	11063.351782915344	10845.855412257764	298.0	11052	10854
point	24	11	5	14	7746.833758119607	8269.373560160544	31.531249999999996	7817	8172
point	17	12	1	14	13410.619278329794	20591.457096780377	504.5	13308	20551
point	16	12	0	14	17265.35425962477	25201.83178436806	132.0	17152	26005
point	15	12	1	14	11246.781282927883	11211.551127307102	448.0	11276	11265
point	14	13	1	14	9426.242781525449	14423.097918401549	504.5	9708	14020
point	13	13	0	14	13560.18096574529	21735.778982504926	132.0	13699	21726
point	12	13	0	14	3318.1552789831917	21832.929788487803	132.0	3822	21732
point	11	13	1	14	11294.000886580576	24149.395682092538	504.5	11455	23778
point	10	13	5	14	9817.757635642016	13032.978286017109	31.53125	9858	13103
point	9	14	2	14	17909.789261337275	13151.207822811442	132.0	17790	13139
point	39	8	1	14	11756.764555055706	16448.938204231537	504.5	11762	16432
point	23	11	1	14	12367.681531580252	19612.81360041372	504.5	12201	19289
point	6	14	0	14	11905.015508504457	22204.275050916898	672.0	11916	22177
point	5	14	0	14	8802.97561129052	19716.823246515396	672.0	8600	19650
point	4	15	1	14	17252.67152176398	8409.95799293054	132.0	17340	8260
point	49	6	2	14	4274.751632446599	15492.226164240694	252.24999999999997	4286	15523
point	2	15	2	14	13204.147054284138	28599.60884313042	252.24999999999997	13312	28579
point	1	15	0	14	15663.944154764846	15965.516257056745	298.0	15703	15993
point	0	15	0	14	9763.196896851632	13971.933802741642	1008.9999999999999	9708	14020
newpoint	70	1	3	14	14065.0	20013.0	126.12500000000001	14281	20191
newpoint	71	1	0	14	3975.0	18378.0	198.0	4064	18381
newpoint	72	1	1	14	9023.0	11976.0	298.0	9384	11763
newpoint	73	1	1	14	3924.0	14307.0	298.0	3919	14375
newpoint	74	1	0	14	7289.0	11865.0	298.0	7545	12033
point	74	2	0	15	7538.142277429444	12028.499619563074	298.0	7545	12033
point	73	2	1	15	3823.583158186873	14584.066761190968	298.0	3812	14609
point	72	2	1	15	9279.655127187383	11824.566365399134	298.0	9384	11763
point	71	2	0	15	4092.604878165356	18285.591193140583	198.0	4265	18280
point	70	2	3	15	14162.333680731012	20093.21016282463	126.12500000000001	14281	20191
point	69	3	0	15	19793.74591161873	9469.305792572624	132.0	19065	9922
point	68	3	2	15	15487.821936990713	12041.506763826204	252.25	15504	12048
point	67	3	0	15	8891.896651040035	15616.010700264296	1009.0	8948	15300
point	66	3	1	15	15524.829253442527	8179.301225739616	448.0	15417	8409
point	65	3	0	15	5430.561572674397	22197.635122928517	132.0	5524	22095
point	63	4	0	15	10956.081726318691	4898.690129960263	298.0	10981	5025
point	62	4	0	15	14699.44926760078	8322.751456627979	448.0	14656	8326
point	61	4	1	15	11602.898407774483	18755.69349899448	448.0	11570	18739
point	60	4	1	15	10961.454981355375	18120.682472033062	448.0	10965	18126
point	55	5	1	15	17367.61412409928	10220.787662995748	132.0	17074	10325
point	54	6	1	15	12533.531014555445	6801.529865421632	132.0	12747	6792
point	53	6	0	15	11704.62906382624	24241.974815772366	298.0	11728	24187
point	52	6	5	15	19913.508906484745	23684.02579380478	31.53125	20027	23722
point	51	6	0	15	10433.901665511708	17876.918651929	672.0	10254	17860
point	50	6	3	15	12867.992483348671	20137.26357185923	126.125	12780	20082
point	48	7	0	15	17310.7795640715	24349.898458976673	132.0	17479	24565
point	47	7	0	15	13389.259699338732	6430.693402261788	672.0	13389	6463
point	46	7	0	15	9076.249880292686	14999.943676296356	1008.9999999999999	8948	15300
point	45	7	2	15	11656.720742150337	18783.004336982227	252.25	11570	18739
point	59	5	5	15	11440.179982888672	20228.078234393768	31.53125	11484	20140
point	43	8	2	15	14067.929978774384	27140.152955426205	252.25	14055	27113
point	42	8	2	15	4905.2964400837245	12895.11994634112	252.25	5210	13105
point	41	8	3	15	12059.715325106761	19013.96880808557	126.125	12041	18991
point	40	8	0	15	12817.083497948099	30772.446715637743	672.0	12880	30851
point	38	9	0	15	11514.836691009155	15778.55858883024	672.0	11513	15775
point	58	5	0	15	13917.0	15212.365211759568	298.0	13917	14923
point	36	9	1	15	9722.634002105886	7662.3116177209995	448.0	9690	7634
point	35	9	1	15	11658.97620512147	28770.163082370032	448.0	11660	28770
point	34	10	0	15	10887.69896579457	7640.281562905517	298.0	10915	7626
point	64	4	2	15	14785.891456596866	21146.074548942874	252.25000000000003	14758	21135
point	32	10	0	15	10332.382439688949	17867.37138931244	672.0	10573	17890
point	31	10	0	15	12468.5935935277	4356.172239509271	448.0	12475	4352
point	30	10	0	15	13380.500323851786	20579.58286148977	672.0	13308	20551
point	29	11	1	15	5965.812250386349	16064.74799192302	298.0	6206	16057
point	28	11	0	15	12408.659540540702	12667.662478666542	672.0	13072	12900
point	57	5	1	15	6774.491632841123	17941.412002280817	504.5	6772	17941
point	26	11	1	15	12033.0	21811.863892394293	504.5	12033	21855
point	25	11	1	15	8875.688421270093	17429.483090635877	504.5	9042	17545
point	22	12	0	15	8281.720953487229	15326.346641630771	298.0	8121	15526
disappearpoint	21	11	1	15	5872.0	19289.0	0.0	5872	19289
point	20	12	0	15	10766.320606396655	17836.181158254694	298.0	10721	17803
point	56	5	0	15	11256.294175285931	11228.952759669386	448.0	11276	11265
point	24	12	5	15	7765.2675255391505	8243.79200537424	31.531249999999996	7817	8172
point	17	13	1	15	13013.809107231056	20302.244107421026	504.50000000000006	13002	20265
point	16	13	0	15	17246.907398900894	25332.536464197947	132.0	17152	26005
point	15	13	1	15	11487.943749489916	11524.919869623767	448.0	11497	11521
point	14	14	1	15	9717.571571187618	14011.664947578247	504.49999999999994	10544	13292
point	13	14	0	15	13691.854663131213	21726.503346854464	132.0	13699	21726
point	12	14	0	15	3447.583976304212	21807.002731003704	132.0	3822	21732
point	11	14	1	15	11493.915845844824	23686.19851749426	504.5	11494	23686
point	10	14	5	15	9833.46914910252	13060.316319438387	31.53125	9858	13103
point	9	15	2	15	17778.81604459075	13142.042035871316	132.0	17665	13173
point	39	9	1	15	11626.271852431364	15994.464214085767	504.5	11513	15775
point	23	12	1	15	12201.335904681515	19204.593603876732	298.0	12311	19149
point	6	15	0	15	11973.201707274704	21567.302560912056	672.0	11945	21525
point	5	15	0	15	8148.283154849988	19575.660394356248	672.0	8055	19564
point	4	16	1	15	17319.099040769725	8295.890536051986	132.0	17340	8260
point	49	7	2	15	4457.309639485924	15660.210090393939	252.25000000000003	4497	15692
disappearpoint	2	15	2	15	13344.0	28569.0	0.0	13344	28569
disappearpoint	1	15	0	15	15703.0	15993.0	0.0	15703	15993
point	0	16	0	15	9171.874707215611	14787.011367779127	1009.0	9160	14804
newpoint	75	1	3	15	8836.0	16947.0	126.12500000000001	8846	16911
newpoint	76	1	1	15	11341.0	20427.0	298.0	11384	20341
newpoint	77	1	1	15	16543.0	21236.0	298.0	16710	21071
newpoint	78	1	0	15	12571.0	11258.0	298.0	12557	11325
newpoint	79	1	2	15	13206.0	14968.0	252.25	12850	14873
point	79	2	2	16	12962.278603042914	14902.96198676707	252.25	12850	14873
point	78	2	0	16	12477.36051157617	11500.29605335411	448.0	12463	11501
point	77	2	1	16	16754.317367184416	21025.89125125872	298.0	16878	20900
point	76	2	1	16	11473.909833023818	20160.28123562213	298.0	11484	20140
point	75	2	3	16	8870.333004649232	16825.6401077591	126.125	8891	16749
point	71	3	0	16	4267.768694063928	18241.69973211567	298.0	4277	18114
point	70	3	3	16	14259.667361462023	20173.42032564926	126.12500000000001	14281	20191
point	69	4	0	16	19681.6188674281	9538.958688858935	132.0	19065	9922
point	68	4	2	16	15566.184470448747	12135.71665640181	252.25	15492	12165
point	67	4	0	16	9245.156371032155	14682.170447282464	1009.0	9708	14020
point	66	4	1	16	15365.864333719132	8596.280588289428	448.0	15354	8641
point	65	4	0	16	5519.424012720298	22100.02637972849	132.0	5524	22095
point	63	5	0	16	10943.675539295667	5190.088960807625	298.0	10929	5255
point	62	5	0	16	14310.725693648308	8532.645661786146	448.0	14065	8701
point	61	5	1	16	11270.442563589704	18465.79690274157	448.0	11253	18445
point	60	5	1	16	11260.605914233285	18454.06859004738	448.0	11357	18569
point	55	6	1	16	17243.217224533233	10264.939801996656	132.0	17074	10325
point	54	7	1	16	12665.399673853084	6795.642871702988	132.0	12747	6792
point	53	7	0	16	11821.18187902066	23967.713321280735	298.0	11877	23837
point	52	7	5	16	19943.410687781692	23694.030952565736	31.53125	20027	23722
point	51	7	0	16	9765.219098349327	17810.267801467213	672.0	9567	17790
point	50	7	3	16	12761.211837786052	20070.14131206268	126.125	12517	19916
point	48	8	0	16	17392.096305537398	24453.87724314618	132.0	17479	24565
point	47	8	0	16	13463.0391640271	7098.392120555497	672.0	13474	7191
point	46	8	0	16	8828.664851577385	15972.173489074317	1009.0	8752	16404
point	45	8	2	16	11507.61191598858	18840.6577163519	252.24999999999997	11447	18987
point	59	6	5	16	11454.22497861084	20199.847792992212	31.53125	11484	20140
point	43	9	2	16	13956.843024723994	26913.686049447988	252.25	13911	26822
point	42	9	2	16	5113.034781895768	13038.210280889552	252.25	5210	13105
point	41	9	3	16	12135.622908872037	18972.07541822559	126.125	12136	18972
point	40	9	0	16	13383.437334481683	30597.637987665872	672.0	13402	30583
point	38	10	0	16	11232.662741224982	15170.668020694702	672.0	11215	15107
point	58	6	0	16	13917.356505188942	14914.372574427598	298.0	13927	14681
point	36	10	1	16	9388.896577035744	7363.499238736228	448.0	9315	7298
point	35	10	1	16	12081.38590771657	28621.98897132192	448.0	12222	28565
disappearpoint	34	10	0	16	10915.0	7626.0	0.0	10915	7626
point	64	5	2	16	14551.707337408541	21052.350080109398	252.24999999999997	14342	20966
point	32	11	0	16	10966.65777281554	17914.00305242717	448.0	10974	17897
point	31	11	0	16	12882.380148080241	4511.583089105391	448.0	12931	4553
point	30	11	0	16	12952.574731649282	20352.805256579064	298.0	12632	20318
point	29	12	1	16	6263.658872960733	16055.188726503851	298.0	6588	16045
point	28	12	0	16	13042.88214865231	12889.801361710708	672.0	13072	12900
point	57	6	1	16	6272.026811037009	17924.10074155032	504.5	6134	17890
point	26	12	1	16	11871.632055658938	22287.167861796024	504.5	11798	22470
point	25	12	1	16	9290.050147510354	17701.85884956949	504.5	9311	17716
point	22	13	0	16	8093.820985542944	15557.617474683171	298.0	7932	15752
point	74	3	0	16	7271.042312586696	12368.287457457134	448.0	7258	12399
disappearpoint	20	12	0	16	10661.0	17754.0	0.0	10661	17754
point	56	6	0	16	11506.651679241637	11518.525210450862	447.99999999999994	11536	11511
point	24	13	5	16	7783.701292958694	8218.210450587936	31.531249999999996	7817	8172
point	17	14	1	16	12681.259103512402	20221.7434721477	504.49999999999994	12662	20249
point	16	14	0	16	17228.460538177012	25463.241144027837	132.0	17152	26005
point	15	14	1	16	11933.464401826603	11493.035507262075	448.0	12067	11487
point	14	15	1	16	10098.034818133423	13680.35245502257	504.49999999999994	10544	13292
disappearpoint	13	14	0	16	13734.0	21632.0	0.0	13734	21632
point	12	15	0	16	3577.012673625232	21781.075673519605	132.0	3822	21732
point	11	15	1	16	11688.747061574313	23220.83837568229	504.49999999999994	11906	22694
point	10	15	5	16	9849.180662563025	13087.654352859665	31.53125	9858	13103
point	9	16	2	16	17651.459338018383	13176.744198199462	132.0	17401	13246
point	39	10	1	16	11394.437949560926	15546.389025468456	504.5	11302	15368
disappearpoint	23	12	1	16	12311.0	19149.0	0.0	12311	19149
point	6	16	0	16	11413.361302443393	21218.928442624878	672.0	10938	21111
point	5	16	0	16	7717.119203321902	19349.035629717517	448.0	7631	19221
point	4	17	1	16	17417.415602341767	8213.190566025907	132.0	17684	8052
point	49	8	2	16	4697.215552645624	15713.65973839092	252.25	4941	15728
point	73	3	1	16	3923.2215490602657	14850.74805828249	298.0	3924	14852
point	72	3	1	16	9535.95028946072	11737.377457388307	504.49999999999994	9659	11943
point	0	17	0	16	8869.537043582794	15741.9546116561	1009.0	8752	16404
newpoint	80	1	0	16	10268.0	17714.0	672.0	10254	17860
newpoint	81	1	0	16	4887.0	17685.0	298.0	4866	17740
newpoint	82	1	2	16	6871.0	20975.0	252.25	6963	20900
newpoint	83	1	1	16	9193.0	19307.0	298.0	9195	19507
newpoint	84	1	1	16	9502.0	11178.0	298.0	9644	11089
point	84	2	1	17	9573.672407003494	10979.173347923266	298.0	9571	10975
point	83	2	1	17	9195.47799431423	19604.98883441713	298.0	9196	19712
point	82	2	2	17	7044.018836935273	21006.167076059635	252.25	7096	21073
point	81	2	0	17	5301.546652268176	17820.019198704136	672.0	5368	17826
point	80	2	0	17	10756.875545549314	17898.18122352108	448.0	10777	17844
point	75	3	3	17	8934.510051533722	16731.906765468895	126.125	9003	16705
point	71	4	0	17	4243.13890847994	17947.440036306733	298.0	4240	17932
point	70	4	3	17	14356.691944078699	20254.00369911753	126.12500000000001	14454	20335
point	69	5	0	17	19569.491823237466	9608.611585145247	132.0	19065	9922
point	68	5	2	17	15341.865872347264	12248.429663673758	252.25	15205	12345
point	67	5	0	17	9859.661360982906	13887.93125502924	1008.9999999999999	10544	13292
point	66	5	1	17	15209.050082923397	9012.999839503103	448.0	15099	9226
point	65	5	0	17	5778.582840883628	21972.208579558184	298.0	5787	21968
point	63	6	0	17	11050.75775573296	5430.841669427264	298.0	11063	5444
point	62	6	0	17	14042.001421370143	8476.976808161027	672.0	14038	8438
point	61	6	1	17	10970.975074180928	18132.618224526792	448.0	10965	18126
point	60	6	1	17	11589.247941498661	18748.766901007984	448.0	11974	18944
point	55	7	1	17	17118.82032496719	10309.091940997561	132.0	17074	10325
point	54	8	1	17	12796.106539595792	6781.023244090352	132.0	12917	6754
point	53	8	0	17	11732.338694719792	23778.967267067823	298.0	11705	23768
point	52	8	5	17	19973.312469078643	23704.036111326695	31.53125	20027	23722
point	51	8	0	17	9152.238781163356	17612.74450239089	672.0	9042	17545
point	50	8	3	17	12654.555281153136	20002.821964530118	126.125	12517	19916
point	48	9	0	17	17473.413047003294	24557.856027315687	132.0	17479	24565
point	47	9	0	17	13650.68369237938	7736.239230499723	672.0	13982	8255
point	46	9	0	17	8686.863254797745	16970.689683259614	1009.0	8652	17274
point	45	9	2	17	11390.493448573492	19060.411683890485	252.25	11352	19095
point	59	7	5	17	11468.269974333009	20171.617351590652	31.53125	11484	20140
point	43	10	2	17	13843.418860413727	26688.379425317344	252.25	13812	26625
point	42	10	2	17	5294.545739361507	13209.500391622072	252.25	5332	13261
point	41	10	3	17	12220.265968442505	18880.814643551672	126.12499999999999	12255	18826
point	40	10	0	17	13911.013963025762	30181.41002919019	672.0	14023	30093
point	38	11	0	17	11081.84010801634	14516.347482790123	672.0	11072	14442
point	58	7	0	17	13922.580604985793	14616.818747927453	298.0	13933	14470
point	36	11	1	17	9115.277818169187	7275.573791591995	298.0	9018	7412
point	35	11	1	17	12497.40916724728	28455.777902903643	448.0	12807	28333
point	79	3	2	17	12753.139722111338	14966.092262074482	252.25	12714	15026
point	64	6	2	17	14318.491903424936	20956.222296114796	252.25	14003	20825
point	32	12	0	17	11275.747903953736	17627.483628995124	448.0	11306	17613
point	31	12	0	17	13218.565511480923	4807.565511480923	448.0	13265	4854
point	30	12	0	17	12656.315730340979	20320.639993579876	298.0	12632	20318
point	29	13	1	17	6561.511946250805	16045.83208545809	298.0	6588	16045
point	28	13	0	17	13671.965457262191	13122.23702259045	672.0	14016	13264
point	57	7	1	17	5787.588678746594	17794.0	504.49999999999994	5708	17794
point	26	13	1	17	11905.190276594947	22695.96357925725	504.49999999999994	11666	23276
point	25	13	1	17	9777.133826769163	17811.486076356767	504.5	10056	17840
point	22	14	0	17	7903.378374167637	15786.822978096041	298.0	7872	15825
point	74	4	0	17	7436.480228893807	12498.704783214454	298.00000000000006	7487	12495
point	78	3	0	17	12030.534735062893	11488.64814756778	448.0	11536	11511
point	56	7	0	17	11953.276269387392	11492.140055620908	448.0	12067	11487
point	24	14	5	17	7802.135060378236	8192.628895801632	31.531249999999996	7817	8172
point	17	15	1	17	12603.0	20710.4758287023	504.49999999999994	12603	20838
point	16	15	0	17	17210.01367745313	25593.945823857724	132.0	17152	26005
point	15	15	1	17	12380.726641822592	11491.750332512598	448.0	12463	11501
point	14	16	1	17	10478.498065079228	13349.039962466893	504.49999999999994	10544	13292
point	77	3	1	17	16797.09501674409	20809.330622213205	298.0	16588	20575
point	12	16	0	17	3706.441370946252	21755.14861603551	132.0	3822	21732
point	11	16	1	17	11881.077147681459	22754.437916872463	504.49999999999994	11906	22694
point	10	16	5	17	9846.062117488684	13109.98615632495	31.53125	9547	13285
point	9	17	2	17	17524.23363597573	13211.924032476409	132.0	17401	13246
point	39	11	1	17	11207.42411336911	15080.085665916575	504.5	11177	14972
point	76	3	1	17	11382.589183803491	19931.001225606447	298.0	11377	19883
point	6	17	0	17	10759.339196436238	21157.210991085707	672.0	10389	21253
point	5	17	0	17	7465.829276876085	18978.149976397017	448.0	7429	18924
point	4	18	1	17	17530.372224174407	8144.891213289894	132.0	17684	8052
point	49	9	2	17	4949.031759329249	15728.446208851625	252.25	4959	15729
point	73	4	1	17	4080.801873569561	15103.670858608935	298.0	4104	15140
point	72	4	1	17	9795.275216019674	12170.125360032791	504.5	9935	12403
point	0	18	0	17	8713.563189721974	16738.400249418824	1009.0	8652	17274
newpoint	85	1	2	17	17033.0	18641.0	252.25	17193	18653
newpoint	86	1	0	17	9221.0	17594.0	298.0	9231	17662
newpoint	87	1	0	17	13544.0	28264.0	447.99999999999994	13402	28278
newpoint	88	1	5	17	9502.0	11178.0	31.53125	9644	11089
newpoint	89	1	4	17	18430.0	22634.0	63.0625	18231	22418
point	89	2	4	18	18387.27057139575	22587.620318700916	63.0625	18231	22418
point	88	2	5	18	9528.717284691347	11161.25465959486	31.53125	9644	11089
point	87	2	0	18	13186.0	28239.206476908563	298.0	13186	28165
point	86	2	0	18	8812.544034668084	17385.608152443056	672.0	8652	17274
point	85	2	2	18	17283.061322652375	18635.21478082075	252.25	17431	18606
point	84	3	1	18	9555.503268192897	10765.314109840625	298.0	9876	10594
point	83	3	1	18	9517.54189487817	19699.080752756807	504.5	9555	19690
point	82	3	2	18	7122.306158863926	21190.32650997711	252.25	7077	21216
point	81	3	0	18	5967.220593142831	17827.23456070475	672.0	6024	17849
point	80	3	0	18	10965.547136145271	17502.374990944707	448.0	10979	17478
point	75	4	3	18	9019.614403033993	16754.84320910198	126.125	9027	16777
point	71	5	0	18	4855.771884862181	17787.79045084099	672.0	4870	17787
point	70	5	3	18	14453.629766327944	20334.69182861979	126.12500000000001	14454	20335
point	69	6	0	18	19457.36477904683	9678.264481431559	132.0	19065	9922
point	68	6	2	18	15138.449475166091	12397.465757673292	252.25	15016	12494
point	67	6	0	18	10498.542267011608	13241.916037548188	672.0	10318	13043
point	66	6	1	18	15015.586291664225	9416.756875192581	448.0	14861	9780
point	65	6	0	18	5924.822664342548	21744.39003008709	298.0	5909	21571
point	63	7	0	18	11274.709850025998	5363.841651112349	298.0	11336	5405
point	62	7	0	18	13744.390655034918	7882.961546717206	672.0	13579	7624
point	61	7	1	18	10685.85780864797	17905.21678318849	504.5	10573	17890
point	60	7	1	18	11988.43895639254	18952.085815579823	448.0	11999	18958
point	55	8	1	18	17002.793234025718	10370.384532159433	132.0	16892	10441
point	54	9	1	18	12924.924982949615	6752.216878836337	132.0	12957	6745
point	53	9	0	18	11530.787346159332	23598.309232992287	672.0	11666	23276
point	52	9	5	18	20003.21425037559	23714.04127008765	31.53125	20027	23722
point	51	9	0	18	8767.490854646541	17587.517211937477	448.0	8752	17627
point	50	9	3	18	12547.898724520222	19935.502616997554	126.125	12517	19916
point	48	10	0	18	17565.847452008922	24615.85418497737	132.0	17719	24776
point	47	10	0	18	13945.070187849717	8262.294777708697	448.0	13901	8271
point	46	10	0	18	8563.672473974837	17972.127176852733	1008.9999999999999	8548	18096
point	45	10	2	18	11202.384586157068	19228.474007904373	252.25	11113	19308
point	59	8	5	18	11482.314970055177	20143.386910189096	31.53125	11484	20140
point	43	11	2	18	13732.346845982443	26461.90068463072	252.25	13707	26410
point	42	11	2	18	5403.960478090935	13435.30049764007	252.25	5756	14288
point	41	11	3	18	12260.73946668511	18765.03755656085	126.125	12292	18433
point	40	11	0	18	14537.81482277586	30113.0	672.0	14542	30113
point	38	12	0	18	10994.034237786536	13850.177991201785	672.0	10986	13767
point	58	8	0	18	13782.287015298301	14475.463914853233	298.0	13602	14482
point	36	12	1	18	9123.257409242644	7489.048423565616	297.99999999999994	9268	7595
point	35	12	1	18	12921.490821500676	28322.720483971898	448.0	13186	28298
point	79	4	2	18	12615.163910745487	15177.262188772123	252.25000000000003	12599	15202
point	64	7	2	18	14085.584815552642	20859.349436557295	252.25	14003	20825
point	32	13	0	18	11689.25612560427	17460.10437484637	448.0	11729	17450
point	31	13	0	18	13546.904503820573	5101.495988200678	672.0	13461	5489
point	30	13	0	18	12603.0	20931.43453952106	672.0	12603	21020
point	29	14	1	18	6859.390720959973	16037.337203172894	298.0	7013	16033
point	28	14	0	18	14273.580402024481	13417.602992032947	672.0	14452	13524
point	57	8	1	18	5284.991121881987	17818.52920096938	504.5	5168	17808
point	26	14	1	18	11712.860190487801	23162.36403806708	504.49999999999994	11666	23276
point	25	14	1	18	10279.061730428019	17862.35690254809	504.5	10573	17890
point	22	15	0	18	7721.891534424664	16023.143174559444	298.0	7647	16122
point	74	5	0	18	7707.796575608238	12386.183490873425	298.0	7775	12346
point	78	4	0	18	11582.991630359755	11508.876084503514	448.0	11536	11511
point	56	8	0	18	12400.434576018475	11493.966017422195	448.0	12463	11501
point	24	15	5	18	7820.6188754834275	8167.083791796098	31.53125	7923	8028
point	17	16	1	18	12556.871416091299	21208.82860499582	504.5	12549	21230
point	16	16	0	18	17191.56681672925	25724.650503687615	132.0	17152	26005
point	15	16	1	18	12823.14649492084	11458.104226810985	448.0	13086	11482
point	14	17	1	18	10276.870940387798	12972.784900646331	504.5	9989	12493
point	77	4	1	18	16598.690305184326	20586.98051443071	298.0	16588	20575
point	12	17	0	18	3819.812851050319	21718.02448891475	132.0	3763	21355
point	11	17	1	18	11848.003182860095	22345.839554423663	504.5	11916	22177
point	10	17	5	18	9818.848331722602	13125.911908766837	31.53125	9547	13285
point	9	18	2	18	17397.012609713238	13247.120639100202	132.0	17248	13289
point	39	12	1	18	11092.431522080811	14589.011720687811	504.49999999999994	11090	14578
point	76	4	1	18	11431.588299618315	19661.49522326788	298.0	11508	19588
point	6	18	0	18	10378.498111934543	21379.98111934543	298.0	10380	21395
point	5	18	0	18	7216.318386209069	19062.319622352992	298.0	7183	19083
point	4	19	1	18	17643.328846007043	8076.591860553881	132.0	17684	8052
point	49	10	2	18	5189.077666553173	15804.876677267535	252.24999999999997	5241	15822
point	73	5	1	18	4225.463303939723	15364.09508788879	298.0	4233	15378
point	72	5	1	18	10054.838324632861	12602.73054105477	504.5	10277	12973
point	0	19	0	18	8593.021428833164	17740.157552876328	1008.9999999999999	8548	18096
newpoint	90	1	0	18	16009.0	22788.0	198.0	15970	22902
newpoint	91	1	1	18	12313.0	7705.0	298.0	12323	8182
newpoint	92	1	3	18	7967.0	18023.0	126.125	8035	18023
newpoint	93	1	0	18	13433.0	14783.0	298.0	13338	14806
newpoint	94	1	1	18	17671.0	9810.0	132.0	17565	10004
point	94	2	1	19	17607.707865777975	9925.836547538422	132.0	17565	10004
point	93	2	0	19	13192.811408590156	14699.594295704921	298.0	13126	14733
point	92	2	3	19	8049.348834883014	18070.782944961004	126.125	8203	18122
point	91	2	1	19	12319.246007031874	8002.934535420381	298.0	12323	8182
point	90	2	0	19	15859.16424315213	22865.59409446603	298.0	15833	22857
point	89	3	4	19	18344.541142791506	22541.240637401836	63.0625	18231	22418
point	88	3	5	19	9555.434569382694	11144.50931918972	31.53125	9644	11089
point	87	3	0	19	13167.405440077755	28023.573973267612	298.0	13258	27947
point	86	3	0	19	8733.694141934184	16563.260965172605	1009.0	8752	16404
point	85	3	2	19	17527.30332268518	18574.083913231138	252.25	17778	18491
point	84	4	1	19	9818.314087577186	10624.834669300175	298.0	9876	10594
point	83	4	1	19	10006.226785235729	19574.396499762293	504.5	10198	19543
point	82	4	2	19	6896.8484716454295	21302.797648470605	252.25	6736	21088
point	81	4	0	19	6621.709948558458	17936.681320360876	672.0	6772	17941
point	80	4	0	19	11175.746230648645	17106.770752831173	448.0	11286	16906
point	75	5	3	19	9048.432286344589	16877.510032512557	126.125	9056	16913
point	71	6	0	19	5525.2175994032405	17808.780929589167	672.0	5578	17803
point	70	6	3	19	14550.521850573608	20415.434875478008	126.125	14586	20445
point	69	7	0	19	19345.237734856197	9747.917377717871	132.0	19065	9922
point	68	7	2	19	14937.612595775288	12549.806646581525	252.25	14931	12554
point	67	7	0	19	10111.206452896284	12696.677421493807	672.0	9989	12493
point	66	7	1	19	14832.827899296071	9816.384695691133	448.0	14663	10196
point	65	7	0	19	5953.273514938382	21459.530348590324	298.0	6040	21363
disappearpoint	63	7	0	19	11494.0	5376.0	0.0	11494	5376
point	62	8	0	19	13493.168129329442	7269.533500747816	672.0	13474	7191
point	61	8	1	19	10260.702050502867	17790.107187612954	504.5	10268	17714
point	60	8	1	19	12242.23487824803	19369.10734159643	504.5	12393	19662
point	55	9	1	19	16891.452053950794	10441.282031054738	132.0	16824	10476
point	54	10	1	19	13055.977844807505	6741.0	132.0	13062	6741
point	53	10	0	19	11788.937960133493	22977.875446676277	672.0	11906	22694
point	52	10	5	19	20029.1960263768	23715.93607531344	31.53125	20270	23051
point	51	10	0	19	8303.54053958918	17749.40907216428	672.0	8052	17690
point	50	10	3	19	12479.345173631622	19834.71689908106	126.125	12466	19807
point	48	11	0	19	17657.07938235264	24711.25195688929	132.0	17719	24776
point	47	11	0	19	13498.422293797481	8251.089475193743	448.0	13444	8248
point	46	11	0	19	8620.98823358785	18973.959930596462	1009.0	8843	19730
point	45	11	2	19	10986.101287132038	19345.57942949282	252.25	10833	19382
point	59	9	5	19	11458.401640207554	20129.29048212765	31.53125	11386	20099
point	43	12	2	19	13619.882955732788	26236.113387695026	252.25	13590	26176
point	42	12	2	19	5500.221530372478	13668.461112482393	252.25	5756	14288
point	41	12	3	19	12272.561552036428	18639.467839180637	126.125	12292	18433
point	40	12	0	19	15163.674556463797	29873.555423958027	672.0	15375	29785
point	38	13	0	19	10600.533578448794	13340.251589249288	672.0	10544	13292
point	58	9	0	19	13606.442744456872	14364.489409115751	298.0	13622	13953
disappearpoint	36	12	1	19	9268.0	7595.0	0.0	9268	7595
point	35	13	1	19	13367.561532453274	28281.188746995067	448.0	13402	28278
point	79	5	2	19	12559.902414254178	15420.4495793816	252.25	12552	15453
point	64	8	2	19	13851.539214098198	20765.28740239267	252.25	13308	20551
point	32	14	0	19	11760.804878033656	17048.25406507972	448.0	11764	17040
point	31	14	0	19	13409.562937497101	5759.236507477912	672.0	13394	5841
point	30	14	0	19	12403.71982600682	21565.790413233804	672.0	12327	21748
point	29	15	1	19	7158.01549325971	16053.413014338155	504.5	7323	16192
point	28	15	0	19	14821.499066672794	13805.091314524088	672.0	15104	14020
point	57	9	1	19	4781.883698400321	17791.89535008887	504.50000000000006	4744	17794
point	26	15	1	19	11518.385248897912	23627.87237181312	504.5	11494	23686
point	25	15	1	19	10760.168812894926	17889.31473451366	448.0	10777	17844
point	22	16	0	19	7533.389460526354	16253.761335720916	298.0	7478	16318
point	74	6	0	19	7886.734406880108	12535.164390595271	298.0	7889	12539
point	78	5	0	19	11566.64279005409	11803.170651623059	448.0	11627	11915
point	56	9	0	19	12842.897142039608	11459.89974018542	448.0	13086	11482
point	24	16	5	19	7839.311150023349	8141.690513175828	31.53125	7923	8028
point	17	17	1	19	12358.68919144427	21672.738170319863	504.5	12327	21748
point	16	17	0	19	17173.119956005372	25855.355183517502	132.0	17152	26005
disappearpoint	15	16	1	19	13086.0	11482.0	0.0	13086	11482
point	14	18	1	19	10017.307831774611	12540.179719624351	504.5	9989	12493
point	77	5	1	19	16462.068418701383	20712.84947885696	198.0	16457	20724
point	12	18	0	19	3799.403446139731	21587.611850757265	132.0	3763	21355
point	11	18	1	19	12026.130583659118	21873.90557317747	504.5	12033	21855
point	10	18	5	19	9791.63454595652	13141.837661208725	31.53125	9547	13285
point	9	19	2	19	17269.93592309367	13282.835002006354	132.0	17248	13289
point	39	13	1	19	10877.208558015207	14362.724413145723	298.0	10814	14337
point	76	5	1	19	11631.592525668268	19441.22062161544	298.0	11635	19437
point	6	19	0	19	10418.265738968968	21674.251823503484	298.0	10421	21718
point	5	19	0	19	6983.063004398523	19243.30114875681	298.0	6856	19299
point	4	20	1	19	17757.18914866999	8009.823202461363	132.0	17920	7916
point	49	11	2	19	5424.958056541308	15893.979028270654	252.25	5503	15933
point	73	6	1	19	4385.74989418951	15602.894465014348	298.0	4497	15692
point	72	6	1	19	10313.74044059248	13035.727581499359	504.50000000000006	10318	13043
point	0	20	0	19	8579.096765424003	18745.576877745832	1009.0	8584	18848
newpoint	95	1	1	19	16814.0	23103.0	298.0	16618	22891
newpoint	96	1	0	19	19632.0	22850.0	132.0	19439	22792
newpoint	97	1	0	19	17081.0	14335.0	298.0	17030	14295
newpoint	98	1	0	19	6775.0	20471.0	298.0	6791	20509
newpoint	99	1	0	19	9268.0	7595.0	297.99999999999994	9018	7412
point	99	2	0	20	9027.538507088599	7418.9821871888535	297.99999999999994	9018	7412
point	98	2	0	20	6637.559595339256	20695.90368873281	298.0	6725	20869
point	97	2	0	20	16852.63481039345	14299.551201544235	298.0	16839	14350
point	96	2	0	20	19505.584972158074	22812.009991632996	132.0	19439	22792
point	95	2	1	20	16611.7250943529	22884.164834920124	298.0	16506	22769
point	91	3	1	20	12501.00410809487	8198.222049259877	448.0	12729	8219
point	90	3	0	20	15625.164970127644	22686.186056290146	298.0	15443	22604
point	89	4	4	20	18301.811714187257	22494.86095610275	63.0625	18231	22418
point	88	4	5	20	9582.151854074042	11127.76397878458	31.53125	9644	11089
point	87	4	0	20	13187.353923368548	27824.97693753378	298.0	13062	27745
point	86	4	0	20	8900.353453675332	15568.376465012414	1009.0	8948	15300
point	85	4	2	20	17766.74633396704	18494.729601134844	252.25	17778	18491
point	84	5	1	20	10080.667447338354	10483.503747055634	298.0	10303	10364
point	83	5	1	20	10367.69020666798	19426.707613315415	447.99999999999994	10381	19245
point	82	5	2	20	6745.6487741709425	21100.885008986043	252.25	6736	21088
point	81	5	0	20	7289.3891273291165	18000.66947563742	672.0	7474	18015
point	80	5	0	20	11472.751507365607	16880.28994401882	447.99999999999994	11567	16891
point	75	6	3	20	9069.784671719495	17001.773285873554	126.12500000000001	9081	17074
point	71	7	0	20	6179.316458501772	17901.195830923967	672.0	6304	17932
point	70	7	3	20	14647.413759462826	20496.17813288569	126.12499999999999	14688	20530
point	69	8	0	20	19233.110690665566	9817.570274004182	132.0	19065	9922
point	68	8	2	20	14743.846501819482	12711.208938471635	252.25	14631	12806
point	67	8	0	20	9765.465305248987	12120.442175414977	672.0	9659	11943
point	66	8	1	20	14649.95808589468	10225.36212355952	448.0	14480	10608
point	65	8	0	20	6170.9406484297115	21257.37454360003	298.0	6190	21242
point	94	3	1	20	17554.587975842252	10045.648096630988	132.0	17553	10052
point	62	9	0	20	13405.149871173222	6603.862765233096	672.0	13389	6463
point	61	9	1	20	10311.21098853725	17288.14469318469	504.5	10313	17271
point	60	9	1	20	12466.297648375787	19807.61819278048	504.5	12492	19861
point	55	10	1	20	16918.584263326287	10641.095060493655	448.0	17147	10999
point	54	11	1	20	13187.430763414677	6752.633924452787	132.0	13425	6777
point	53	11	0	20	12052.762462374347	22359.88297086496	672.0	12191	22043
point	52	11	5	20	20039.932579742985	23686.28904935167	31.53125	20270	23051
point	51	11	0	20	7746.974583184179	17959.78895169951	672.0	7738	17965
point	50	11	3	20	12424.24869833588	19734.593129980272	126.125	12393	19662
point	48	12	0	20	17687.30280409081	24804.17528525261	132.0	17269	25176
point	47	12	0	20	13434.042387348347	9129.671563217966	1009.0	13308	9968
point	46	12	0	20	8850.139676322418	19875.58514585957	672.0	8841	19915
point	45	12	2	20	10739.204854374011	19396.198027527833	252.24999999999997	10665	19407
point	59	10	5	20	11429.313464701565	20117.12093931392	31.53125	11386	20099
point	43	13	2	20	13507.714010983796	26010.174935840445	252.25	13393	25779
point	42	13	2	20	5596.482582654021	13901.621727324717	252.25	5756	14288
point	41	13	3	20	12284.383637387746	18513.898121800426	126.125	12292	18433
point	40	13	0	20	15525.21820401226	29605.888032970488	298.0	15497	29277
point	38	14	0	20	10184.245663429356	12818.409439048924	672.0	9989	12493
point	58	10	0	20	13617.701241620003	14066.7021591509	298.0	13622	13953
point	93	3	0	20	12912.733907169364	14785.423534539033	298.0	12899	14810
point	35	14	1	20	13813.48285445767	28238.08818707138	448.0	13856	28234
point	79	6	2	20	12338.572046055258	15405.025203486286	252.25	12242	15383
point	64	9	2	20	13616.868130253584	20672.769593797817	252.25	13308	20551
point	32	15	0	20	12053.72170090797	16777.458635990562	448.0	12059	16778
point	31	15	0	20	13389.267286725331	6429.749531368687	672.0	13389	6463
point	30	15	0	20	11770.349314326379	21304.21312069174	1009.0	11552	21140
point	29	16	1	20	7547.6548298133075	16373.849368048508	504.5	7589	16407
point	28	16	0	20	15419.57149039549	14050.539176489887	672.0	15972	14104
point	57	10	1	20	4295.340733025376	17914.74671264503	504.5	4240	17932
point	26	16	1	20	11736.919748557224	23780.805015409584	298.0	11877	23837
point	25	16	1	20	10970.117443146677	17494.09413766493	448.0	10979	17478
point	22	17	0	20	7318.57244005719	16459.52084125358	298.0	7202	16563
point	74	7	0	20	8039.784041878684	12790.859058962198	298.0	8071	12843
point	78	6	0	20	11778.41096313993	12197.958832371614	448.0	11929	12479
point	56	10	0	20	13286.574898279257	11518.630864402221	448.0	13487	11554
point	24	17	5	20	7858.0034245632705	8116.297234555557	31.53125	7923	8028
point	17	18	1	20	12001.5704242131	21478.106682672664	504.5	11552	21140
point	16	18	0	20	17154.67309528149	25986.059863347393	132.0	17152	26005
point	92	3	3	20	8169.001515849635	18110.667171949877	126.125	8203	18122
point	14	19	1	20	9757.744723161424	12107.574538602374	504.5	9659	11943
point	77	6	1	20	16313.580873364834	20605.955026538748	198.0	16067	20403
point	12	19	0	20	3778.9940412291426	21457.199212599775	132.0	3763	21355
point	11	19	1	20	11835.996163985472	21447.847934249457	504.5	11791	21416
point	10	19	5	20	9764.420760190436	13157.763413650613	31.53125	9547	13285
point	9	20	2	20	17139.47467121581	13276.75262747263	132.0	16929	13253
point	39	14	1	20	10815.037734906278	14109.72918185869	298.0	10814	14101
point	76	6	1	20	11774.539990158233	19194.754254799285	298.0	11864	19120
point	6	20	0	20	10344.601195641675	21959.802451892	298.0	10335	21986
point	5	20	0	20	6701.344418065326	19336.735515848264	298.0	6492	19405
point	4	21	1	20	17871.557904045607	7943.915784109312	132.0	17920	7916
point	49	12	2	20	5650.959624579506	16006.01903550677	252.25	5657	16009
point	73	7	1	20	4651.513590287338	15709.168176698593	298.0	4686	15713
point	72	7	1	20	10696.642817027287	13244.702225709854	504.5	11396	13028
point	0	21	0	20	8839.398632786904	19717.735884625672	1009.0	8843	19730
newpoint	100	1	0	20	10205.0	14609.0	448.00000000000006	10047	14615
newpoint	101	1	0	20	5524.0	22095.0	298.0	5735	21994
newpoint	102	1	0	20	16208.0	8771.0	298.0	16156	8771
newpoint	103	1	3	20	15315.0	13871.0	126.12499999999999	15227	13900
newpoint	104	1	4	20	15060.0	19196.0	63.0625	15065	19288
